10,286
10,72
10,230
10,262
10,124
10,228
10,214
10,32
11,8
11,6
11,4
11,2
11,3
9,4
9,6
9,2
8,5
8,14
8,8
8,18
8,2
8,3
44,4
44,3
44,2
44,1
44,0
43,5
43,4
43,3
43,2
43,1
43,0
40,5
40,4
40,3
40,2
40,1
40,0
38,5
38,4
38,3
38,2
38,1
38,0
34,4
34,3
34,2
34,1
34,0
33,5
33,4
33,3
33,2
33,1
33,0
31,4
31,3
31,2
31,1
31,0
29,5
29,4
29,3
29,2
29,1
29,0
27,4
27,3
27,2
27,1
27,0
24,3
24,2
24,1
24,0
20,3
20,2
20,1
19,3
19,2
19,1
18,3
18,1
14,3
14,1
13,3
13,1
12,3
12,2
12,1
11,29
11,28
11,27
11,26
11,25
11,24
11,23
11,22
11,21
11,20
11,19
11,18
11,17
11,16
11,15
11,14
11,13
11,1
11,9
10,307
